% Exercise 1
S = [150 150 150 160];

Ans = S + 10 + 0.1*(S + 10);

